
a<-10
b = 14
a
b
